Optimal Area Polygonization
Algorithm: simulated_annealing_-min
KAPPPP


KAPPPP


KAPPPP


KAPPPP


KAPPPP


KAPPPP


KAPPPP


KAPPPP


KAPPPP


KAPPPP


KAPPPP


KAPPPP


KAPPPP


KAPPPP


KAPPPP


KAPPPP


KAPPPP


KAPPPP


KAPPPP


KAPPPP


KAPPPP


KAPPPP


KAPPPP


KAPPPP


KAPPPP


KAPPPP


KAPPPP


KAPPPP


KAPPPP


KAPPPP


KAPPPP


KAPPPP


KAPPPP


KAPPPP


KAPPPP


80 4878
344 2178
290 4930
252 5132
430 5016
496 1634
410 1830
466 1562
496 1534
498 1070
516 2170
524 2232
650 5636
1538 5940
902 5468
1520 5926
966 5020
1040 5210
702 5540
812 5116
806 5100
716 2108
1242 2206
1128 454
1340 2166
1304 2192
1546 6030
1334 812
1576 5780
1876 6766
1740 5810
1642 4446
1800 5936
1768 2224
1876 4668
1858 6026
1904 5994
1884 1902
1926 5186
1930 6774
1960 6156
1970 2220
1974 1280
1984 5730
2104 2182
2188 4648
2116 5166
2214 4678
2154 5248
2200 5084
2124 5406
2216 5166
2064 6042
2088 5948
2068 6630
2148 5752
2170 5826
2220 5254
2236 4044
2322 4948
2476 3658
2378 4934
2296 5112
2256 5096
2260 5232
2406 4994
2318 5192
2298 5212
2300 6328
2430 5166
2454 5270
2444 4666
2450 4902
2460 4942
2492 5030
2316 6330
2498 5130
2530 4896
2576 4944
2600 4912
2566 5248
2556 5676
2638 4962
2534 4562
2646 3138
2666 4434
2652 4958
2656 5278
2572 5618
2564 5678
2588 5670
2578 5626
2666 5578
2692 4434
2700 1792
2782 1790
2824 2152
2754 3228
2826 2840
2836 2954
2848 3252
2740 3858
2726 4706
2774 4458
2760 5110
2876 2792
2768 5348
2880 4760
2794 4754
2838 3818
2892 4656
3064 2898
2892 5344
2948 4556
2944 4634
3034 3728
2926 4962
3008 4652
3106 4592
3008 4702
2952 5026
2906 5288
3158 6442
3324 6618
3040 4676
3178 4666
3092 4608
3102 4608
3228 4622
3000 4534
3200 2454
3192 3416
3076 4050
3400 4606
3586 7082
3422 4566
3558 4480
3404 4006
3448 2952
3496 1778
3556 1834
3516 3172
3582 2188
3520 3234
3620 2372
3568 3988
3572 3876
3626 3706
3644 3874
3654 3772
3656 3828
3680 4504
3700 3908
3886 2134
3716 4162
3694 6112
3920 4588
3858 4518
3942 4550
3954 4450
3912 4364
3778 3832
3876 4130
3852 4026
3972 4330
4002 4022
3878 2714
3950 2896
3986 3828
3950 224
4016 164
4052 3742
4110 2246
4224 2296
4224 3138
4020 4212
4114 3808
4074 4320
4102 4426
4036 4394
4152 4542
4112 4350
4194 3982
4140 3774
4258 2982
4264 4340
4220 4344
4248 3918
4118 4330
4220 4712
4194 4460
4222 4624
4222 4348
4258 4396
4260 4342
4284 4822
4436 5066
4410 4982
4440 4992
4460 4862
4444 4896
4420 4926
4464 4822
4408 4732
4472 4506
4490 4662
4666 6828
4550 5014
4510 4660
4580 4736
4488 4402
4698 5026
4644 4718
4668 4708
4604 4678
4590 4620
4692 4662
4634 4568
4668 4622
4678 4592
4514 4404
4540 3404
4560 4444
4610 4328
4638 4538
4612 4192
4700 4252
4766 3928
4814 3784
4802 3858
4812 3838
4856 4010
4860 4624
4762 4170
4790 4492
4766 4754
4748 4772
4722 4670
4742 6882
4730 6850
4724 6936
4760 6884
4734 5092
4780 4974
4826 4666
4874 4794
4846 3082
4834 3690
4836 3884
4802 2778
4808 2834
4856 2242
4874 2868
4894 5180
5060 4702
4960 5168
5094 4672
5062 5036
5140 4692
5114 4560
4990 4688
4990 4644
5082 4472
5172 3546
5224 5168
5214 4512
5200 3528
5218 3764
5194 2714
5216 2706
5264 2784
5224 3830
5278 3322
5246 3764
5240 3914
5280 4466
5278 3968
5308 3574
5296 2902
5342 2352
5288 4606
5250 6930
5314 3588
5332 3796
5324 3812
5376 6654
5424 4240
5484 4026
5534 3872
5528 4062
5452 4184
5486 5012
5544 4248
5556 4196
5570 4676
5564 4804
5606 6284
5546 3582
5576 4060
5546 2878
5586 3272
5612 2952
5614 2888
5666 2904
5726 2876
5766 2886
5646 3462
5640 4016
5696 3518
5678 3886
5772 3946
5670 3930
5688 4304
5822 3754
5838 4568
5616 4854
5748 4982
5808 4900
5818 5126
5890 4370
5926 5296
6080 3086
6074 3456
5932 5242
5958 5266
5970 7158
6012 7122
6100 7008
5982 7124
6122 6976
6016 6316
6054 5282
6116 5182
5980 5100
5992 4844
6062 4442
6112 4812
6136 5824
6164 2862
6172 2952
6312 2776
6294 3734
6170 4786
6292 4276
6274 4404
6216 7132
6212 7194
6250 6956
6294 4452
6262 7186
6318 3038
6282 7102
6322 4558
6288 6950
6338 4030
6300 6952
6344 5808
6348 4128
6436 2962
6444 2902
6456 2870
6360 4070
6452 5366
6428 3836
6570 6710
6550 4688
6556 5988
6478 4752
6480 4756
6442 3758
6568 4146
6526 3796
6556 3646
6576 2538
6586 2750
6622 2836
6586 4960
6630 2650
6616 3902
6598 5146
6672 2708
6614 5452
6706 2470
6704 2816
6586 6520
6690 5374
6646 5880
6712 5906
6684 4680
6690 4680
6674 4638
6716 4562
6734 4716
6736 4404
6776 2990
6806 6916
6844 6018
6832 5966
7030 6498
7048 6646
6822 4386
7050 5840
6878 4738
6948 4828
6954 4896
7026 4886
6834 4358
7030 4252
7088 5030
7244 6530
7122 4754
7280 6532
7322 4874
7252 4682
7160 4400
7234 4222
7314 4248
7302 3684
7364 3058
7386 4240
7394 1792
7412 5226
7418 3104
7510 4796
7506 4432
7688 5446
7518 4478
7628 4254
7544 4206
7452 1802
7570 4200
7492 1710
7510 1764
7588 3070
7630 3274
7600 2556
7728 5434
7646 3272
7706 2846
7736 3040
7884 3666
7854 3554
7784 3376
7766 3284
7742 4182
7776 3766
7848 4396
7924 3922
7886 3666
7888 3094
7806 2366
7908 2964
7932 4170
7916 4802
7902 4498
7908 6288
7846 6780
7942 6996
7956 4438
8018 5130
8192 4508
8220 4998
7980 6922
8124 6814
8334 7040
8406 7050
8458 7048
8512 5564
8486 5228
8436 4924
8458 5508
8488 5564
8442 5616
8426 4716
8456 4302
8542 5212
8574 4206
8560 4806
8594 4106
8668 4316
8586 4790
8592 4818
8686 4692
8746 4098
8822 4266
8580 5112
8932 4952
8574 5496
8936 4962
8580 5532
8940 5176
8966 5592
9062 5604
8978 5504
9070 4820
8982 4678
9206 4932
9238 4754
9248 5612
9270 4202
9282 4084
9308 4802
9328 4798
9384 2540
9390 3924
9332 4792
9428 4816
9582 3308
9724 2856
9580 3350
9428 4990
9570 3976
9510 5096
9634 3638
9610 5284
9740 3518
9840 2968
9854 2066
9894 2062
10114 3100
9984 2710
9876 2928
10118 3160
10150 3340
10060 3336
10154 3350
10128 4820
9988 3316
9994 5162
9976 5118
9944 5148
9880 5420
10166 5642
10290 6284
10286 6268
10186 6304
10370 7016
10242 3122
10370 3166
10386 7000
10528 4200
10388 7036
10652 6864
10606 6462
10590 5004
10674 3730
10508 3682
10730 2970
10412 3866
10400 3110
10434 3062
10668 2892
10442 2672
10340 1486
10408 2058
10592 2158
10436 2202
10604 2592
10724 2914
10734 2542
10862 2496
10890 2490
11192 646
11148 1488
11150 2432
11134 3344
10774 2680
10780 2768
10972 5962
10892 6698
11116 5474
11198 5328
11284 5372
11294 5280
11074 4376
11260 5094
11196 1564
11306 3184
11374 1830
11390 1310
11482 1086
11642 1276
11938 1528
11806 1478
11402 2500
11984 2998
11404 2828
11374 6316
11582 7008
11542 7118
11724 6902
11428 5404
12108 7046
12082 5376
12166 1398
12218 7090
12370 4656
12714 6980
12606 1612
12636 1632
12768 3188
12790 3196
12742 1350
12618 1434
12194 3160
12516 190
12198 256
12164 1206
12126 1410
12194 360
12100 106
12094 104
12108 144
11450 84
12160 818
12020 1174
11796 442
11414 226
11520 328
11676 574
11692 594
11820 898
12100 1424
12100 1438
11396 670
11312 360
11202 306
11304 586
11248 658
11204 660
11208 336
10952 950
11002 1554
10786 1502
10210 648
10156 600
10082 596
9986 604
10154 634
10068 1178
10078 712
9992 1270
9894 718
9974 1338
10004 1444
9916 1402
10008 2016
9870 1498
9850 524
9818 2568
9604 2382
9780 1166
9628 2012
9528 692
9564 2212
9470 2896
9498 1846
9478 2168
9470 2172
9442 3008
9394 1040
9258 1086
9196 832
9228 1104
9234 2178
9168 2650
9142 2416
9140 2404
9232 2024
9098 1032
9160 3258
9016 4166
9264 3608
9034 4184
8986 4236
9046 4186
9152 4354
8972 4242
8946 4596
8876 3932
8654 3486
8858 3500
8888 1762
8766 1772
8810 1804
8700 3358
8756 2558
8624 2632
8592 3978
8574 2932
8532 1270
8526 2800
8496 2780
8468 2744
8512 4074
8398 3506
8394 3854
8378 3764
8460 4230
8426 4158
8412 4322
8394 7024
8348 3516
8440 3286
8438 2754
8492 1260
8350 1392
8328 3240
8324 3932
8192 1310
8312 3894
8168 1466
8268 3248
8132 946
8274 3486
8160 3848
8236 4012
8060 3654
8092 4226
8108 4428
8122 4426
8066 4912
8020 4952
8132 938
8016 3704
7970 3868
8008 1470
7956 3298
7942 2294
7872 832
7854 692
7874 920
7882 2252
7810 1714
7740 1128
7768 800
7806 772
7738 658
7730 1382
7446 1530
7464 1510
7450 1504
7428 1510
7434 1388
7434 1436
7476 1478
7502 428
7376 614
7348 3024
7154 2864
7320 1662
7304 1380
7308 346
7198 1480
7260 1528
7312 1598
7126 1822
7226 1934
7100 2060
7090 2252
7138 4464
7106 4592
7088 4956
7064 2806
6854 4192
6886 3038
6824 2908
6864 2962
6816 2198
6780 2958
6828 1938
6890 1968
6964 1702
7020 2202
6838 502
6778 2910
6794 602
6774 562
6728 1770
6646 1872
6764 1742
6750 2308
6624 2650
6602 2470
6616 2126
6494 1990
6554 2482
6480 3834
6518 2972
6438 3318
6490 2904
6456 2892
6532 2850
6516 2510
6430 2814
6414 2828
6356 2470
6334 2246
6328 2358
6208 2882
6182 2774
6198 2674
6220 2558
6216 2572
6184 2102
6168 2590
6062 2390
6126 2792
5974 3762
5974 2772
5974 2494
5972 4136
5932 2870
5950 2822
5902 2694
5888 2940
5874 3422
5880 2666
5786 2822
5860 320
5704 2666
5686 2618
5654 2536
5662 2526
5636 1136
5594 2628
5444 2844
5460 2732
5556 2612
5446 2620
5406 3464
5412 3392
5414 3448
5438 2870
5420 3372
5522 3610
5384 4342
5374 4862
5358 3090
5348 240
5264 2514
5212 2670
5258 110
5072 66
5140 3256
5074 4470
5038 4446
5106 3480
5054 3220
4984 2660
4974 3114
5074 3498
5070 3956
5006 4472
4968 4518
5064 4468
4956 4588
4946 4976
4940 3426
4898 5118
4938 2194
4858 46
4694 234
4664 2776
4550 2418
4676 2970
4528 2874
4528 2208
4472 4372
4408 4642
4410 4582
4472 4340
4464 2796
4456 50
4454 4230
4438 3266
4426 3272
4444 2678
4380 164
4414 4506
4374 4666
4390 4974
4298 4632
4288 4764
4332 2342
4286 4820
4300 3058
4268 2510
4068 212
4088 116
3846 74
3760 1672
3850 178
3862 158
3860 1974
3840 2006
3858 2030
3742 3218
3690 3368
3672 1630
3652 2264
3608 1664
3552 1672
3530 1638
3630 78
3508 1656
3516 1650
3424 2202
3412 2414
3358 1614
3252 2946
3224 1650
3298 1564
2926 1122
2886 2578
2876 882
2870 1084
2870 1216
2848 868
2866 726
2826 890
2820 1096
2802 730
2844 712
2758 482
2714 978
2610 574
2640 1448
2696 2278
2662 3992
2660 3050
2584 1096
2564 1114
2596 750
2600 616
2564 620
2554 614
2470 414
2398 414
2430 906
2306 804
2366 1866
2364 2158
2248 1970
2290 3576
2242 1904
2200 260
2208 2058
2184 2016
2186 2054
2114 2142
2088 2020
2096 1472
2068 2174
1994 1370
2150 1112
1996 1276
2108 246
1928 384
1910 1312
1872 1282
1856 1266
1914 1040
1780 994
1868 354
1602 578
1644 1206
1750 1690
1876 1890
1748 2192
1626 1752
1580 316
1514 498
1154 172
1192 208
1226 422
1112 148
1248 664
1160 450
1066 414
802 1372
938 1302
766 1782
672 1542
608 308
532 2174
536 1034
362 1000
540 342
228 816
176 800
450 1118
250 926
466 1254
366 1228
466 1298
364 1254
322 2034
190 830
160 844
80 4878 344 2178
344 2178 290 4930
290 4930 252 5132
252 5132 430 5016
430 5016 496 1634
496 1634 410 1830
410 1830 466 1562
466 1562 496 1534
496 1534 498 1070
498 1070 516 2170
516 2170 524 2232
524 2232 650 5636
650 5636 1538 5940
1538 5940 902 5468
902 5468 1520 5926
1520 5926 966 5020
966 5020 1040 5210
1040 5210 702 5540
702 5540 812 5116
812 5116 806 5100
806 5100 716 2108
716 2108 1242 2206
1242 2206 1128 454
1128 454 1340 2166
1340 2166 1304 2192
1304 2192 1546 6030
1546 6030 1334 812
1334 812 1576 5780
1576 5780 1876 6766
1876 6766 1740 5810
1740 5810 1642 4446
1642 4446 1800 5936
1800 5936 1768 2224
1768 2224 1876 4668
1876 4668 1858 6026
1858 6026 1904 5994
1904 5994 1884 1902
1884 1902 1926 5186
1926 5186 1930 6774
1930 6774 1960 6156
1960 6156 1970 2220
1970 2220 1974 1280
1974 1280 1984 5730
1984 5730 2104 2182
2104 2182 2188 4648
2188 4648 2116 5166
2116 5166 2214 4678
2214 4678 2154 5248
2154 5248 2200 5084
2200 5084 2124 5406
2124 5406 2216 5166
2216 5166 2064 6042
2064 6042 2088 5948
2088 5948 2068 6630
2068 6630 2148 5752
2148 5752 2170 5826
2170 5826 2220 5254
2220 5254 2236 4044
2236 4044 2322 4948
2322 4948 2476 3658
2476 3658 2378 4934
2378 4934 2296 5112
2296 5112 2256 5096
2256 5096 2260 5232
2260 5232 2406 4994
2406 4994 2318 5192
2318 5192 2298 5212
2298 5212 2300 6328
2300 6328 2430 5166
2430 5166 2454 5270
2454 5270 2444 4666
2444 4666 2450 4902
2450 4902 2460 4942
2460 4942 2492 5030
2492 5030 2316 6330
2316 6330 2498 5130
2498 5130 2530 4896
2530 4896 2576 4944
2576 4944 2600 4912
2600 4912 2566 5248
2566 5248 2556 5676
2556 5676 2638 4962
2638 4962 2534 4562
2534 4562 2646 3138
2646 3138 2666 4434
2666 4434 2652 4958
2652 4958 2656 5278
2656 5278 2572 5618
2572 5618 2564 5678
2564 5678 2588 5670
2588 5670 2578 5626
2578 5626 2666 5578
2666 5578 2692 4434
2692 4434 2700 1792
2700 1792 2782 1790
2782 1790 2824 2152
2824 2152 2754 3228
2754 3228 2826 2840
2826 2840 2836 2954
2836 2954 2848 3252
2848 3252 2740 3858
2740 3858 2726 4706
2726 4706 2774 4458
2774 4458 2760 5110
2760 5110 2876 2792
2876 2792 2768 5348
2768 5348 2880 4760
2880 4760 2794 4754
2794 4754 2838 3818
2838 3818 2892 4656
2892 4656 3064 2898
3064 2898 2892 5344
2892 5344 2948 4556
2948 4556 2944 4634
2944 4634 3034 3728
3034 3728 2926 4962
2926 4962 3008 4652
3008 4652 3106 4592
3106 4592 3008 4702
3008 4702 2952 5026
2952 5026 2906 5288
2906 5288 3158 6442
3158 6442 3324 6618
3324 6618 3040 4676
3040 4676 3178 4666
3178 4666 3092 4608
3092 4608 3102 4608
3102 4608 3228 4622
3228 4622 3000 4534
3000 4534 3200 2454
3200 2454 3192 3416
3192 3416 3076 4050
3076 4050 3400 4606
3400 4606 3586 7082
3586 7082 3422 4566
3422 4566 3558 4480
3558 4480 3404 4006
3404 4006 3448 2952
3448 2952 3496 1778
3496 1778 3556 1834
3556 1834 3516 3172
3516 3172 3582 2188
3582 2188 3520 3234
3520 3234 3620 2372
3620 2372 3568 3988
3568 3988 3572 3876
3572 3876 3626 3706
3626 3706 3644 3874
3644 3874 3654 3772
3654 3772 3656 3828
3656 3828 3680 4504
3680 4504 3700 3908
3700 3908 3886 2134
3886 2134 3716 4162
3716 4162 3694 6112
3694 6112 3920 4588
3920 4588 3858 4518
3858 4518 3942 4550
3942 4550 3954 4450
3954 4450 3912 4364
3912 4364 3778 3832
3778 3832 3876 4130
3876 4130 3852 4026
3852 4026 3972 4330
3972 4330 4002 4022
4002 4022 3878 2714
3878 2714 3950 2896
3950 2896 3986 3828
3986 3828 3950 224
3950 224 4016 164
4016 164 4052 3742
4052 3742 4110 2246
4110 2246 4224 2296
4224 2296 4224 3138
4224 3138 4020 4212
4020 4212 4114 3808
4114 3808 4074 4320
4074 4320 4102 4426
4102 4426 4036 4394
4036 4394 4152 4542
4152 4542 4112 4350
4112 4350 4194 3982
4194 3982 4140 3774
4140 3774 4258 2982
4258 2982 4264 4340
4264 4340 4220 4344
4220 4344 4248 3918
4248 3918 4118 4330
4118 4330 4220 4712
4220 4712 4194 4460
4194 4460 4222 4624
4222 4624 4222 4348
4222 4348 4258 4396
4258 4396 4260 4342
4260 4342 4284 4822
4284 4822 4436 5066
4436 5066 4410 4982
4410 4982 4440 4992
4440 4992 4460 4862
4460 4862 4444 4896
4444 4896 4420 4926
4420 4926 4464 4822
4464 4822 4408 4732
4408 4732 4472 4506
4472 4506 4490 4662
4490 4662 4666 6828
4666 6828 4550 5014
4550 5014 4510 4660
4510 4660 4580 4736
4580 4736 4488 4402
4488 4402 4698 5026
4698 5026 4644 4718
4644 4718 4668 4708
4668 4708 4604 4678
4604 4678 4590 4620
4590 4620 4692 4662
4692 4662 4634 4568
4634 4568 4668 4622
4668 4622 4678 4592
4678 4592 4514 4404
4514 4404 4540 3404
4540 3404 4560 4444
4560 4444 4610 4328
4610 4328 4638 4538
4638 4538 4612 4192
4612 4192 4700 4252
4700 4252 4766 3928
4766 3928 4814 3784
4814 3784 4802 3858
4802 3858 4812 3838
4812 3838 4856 4010
4856 4010 4860 4624
4860 4624 4762 4170
4762 4170 4790 4492
4790 4492 4766 4754
4766 4754 4748 4772
4748 4772 4722 4670
4722 4670 4742 6882
4742 6882 4730 6850
4730 6850 4724 6936
4724 6936 4760 6884
4760 6884 4734 5092
4734 5092 4780 4974
4780 4974 4826 4666
4826 4666 4874 4794
4874 4794 4846 3082
4846 3082 4834 3690
4834 3690 4836 3884
4836 3884 4802 2778
4802 2778 4808 2834
4808 2834 4856 2242
4856 2242 4874 2868
4874 2868 4894 5180
4894 5180 5060 4702
5060 4702 4960 5168
4960 5168 5094 4672
5094 4672 5062 5036
5062 5036 5140 4692
5140 4692 5114 4560
5114 4560 4990 4688
4990 4688 4990 4644
4990 4644 5082 4472
5082 4472 5172 3546
5172 3546 5224 5168
5224 5168 5214 4512
5214 4512 5200 3528
5200 3528 5218 3764
5218 3764 5194 2714
5194 2714 5216 2706
5216 2706 5264 2784
5264 2784 5224 3830
5224 3830 5278 3322
5278 3322 5246 3764
5246 3764 5240 3914
5240 3914 5280 4466
5280 4466 5278 3968
5278 3968 5308 3574
5308 3574 5296 2902
5296 2902 5342 2352
5342 2352 5288 4606
5288 4606 5250 6930
5250 6930 5314 3588
5314 3588 5332 3796
5332 3796 5324 3812
5324 3812 5376 6654
5376 6654 5424 4240
5424 4240 5484 4026
5484 4026 5534 3872
5534 3872 5528 4062
5528 4062 5452 4184
5452 4184 5486 5012
5486 5012 5544 4248
5544 4248 5556 4196
5556 4196 5570 4676
5570 4676 5564 4804
5564 4804 5606 6284
5606 6284 5546 3582
5546 3582 5576 4060
5576 4060 5546 2878
5546 2878 5586 3272
5586 3272 5612 2952
5612 2952 5614 2888
5614 2888 5666 2904
5666 2904 5726 2876
5726 2876 5766 2886
5766 2886 5646 3462
5646 3462 5640 4016
5640 4016 5696 3518
5696 3518 5678 3886
5678 3886 5772 3946
5772 3946 5670 3930
5670 3930 5688 4304
5688 4304 5822 3754
5822 3754 5838 4568
5838 4568 5616 4854
5616 4854 5748 4982
5748 4982 5808 4900
5808 4900 5818 5126
5818 5126 5890 4370
5890 4370 5926 5296
5926 5296 6080 3086
6080 3086 6074 3456
6074 3456 5932 5242
5932 5242 5958 5266
5958 5266 5970 7158
5970 7158 6012 7122
6012 7122 6100 7008
6100 7008 5982 7124
5982 7124 6122 6976
6122 6976 6016 6316
6016 6316 6054 5282
6054 5282 6116 5182
6116 5182 5980 5100
5980 5100 5992 4844
5992 4844 6062 4442
6062 4442 6112 4812
6112 4812 6136 5824
6136 5824 6164 2862
6164 2862 6172 2952
6172 2952 6312 2776
6312 2776 6294 3734
6294 3734 6170 4786
6170 4786 6292 4276
6292 4276 6274 4404
6274 4404 6216 7132
6216 7132 6212 7194
6212 7194 6250 6956
6250 6956 6294 4452
6294 4452 6262 7186
6262 7186 6318 3038
6318 3038 6282 7102
6282 7102 6322 4558
6322 4558 6288 6950
6288 6950 6338 4030
6338 4030 6300 6952
6300 6952 6344 5808
6344 5808 6348 4128
6348 4128 6436 2962
6436 2962 6444 2902
6444 2902 6456 2870
6456 2870 6360 4070
6360 4070 6452 5366
6452 5366 6428 3836
6428 3836 6570 6710
6570 6710 6550 4688
6550 4688 6556 5988
6556 5988 6478 4752
6478 4752 6480 4756
6480 4756 6442 3758
6442 3758 6568 4146
6568 4146 6526 3796
6526 3796 6556 3646
6556 3646 6576 2538
6576 2538 6586 2750
6586 2750 6622 2836
6622 2836 6586 4960
6586 4960 6630 2650
6630 2650 6616 3902
6616 3902 6598 5146
6598 5146 6672 2708
6672 2708 6614 5452
6614 5452 6706 2470
6706 2470 6704 2816
6704 2816 6586 6520
6586 6520 6690 5374
6690 5374 6646 5880
6646 5880 6712 5906
6712 5906 6684 4680
6684 4680 6690 4680
6690 4680 6674 4638
6674 4638 6716 4562
6716 4562 6734 4716
6734 4716 6736 4404
6736 4404 6776 2990
6776 2990 6806 6916
6806 6916 6844 6018
6844 6018 6832 5966
6832 5966 7030 6498
7030 6498 7048 6646
7048 6646 6822 4386
6822 4386 7050 5840
7050 5840 6878 4738
6878 4738 6948 4828
6948 4828 6954 4896
6954 4896 7026 4886
7026 4886 6834 4358
6834 4358 7030 4252
7030 4252 7088 5030
7088 5030 7244 6530
7244 6530 7122 4754
7122 4754 7280 6532
7280 6532 7322 4874
7322 4874 7252 4682
7252 4682 7160 4400
7160 4400 7234 4222
7234 4222 7314 4248
7314 4248 7302 3684
7302 3684 7364 3058
7364 3058 7386 4240
7386 4240 7394 1792
7394 1792 7412 5226
7412 5226 7418 3104
7418 3104 7510 4796
7510 4796 7506 4432
7506 4432 7688 5446
7688 5446 7518 4478
7518 4478 7628 4254
7628 4254 7544 4206
7544 4206 7452 1802
7452 1802 7570 4200
7570 4200 7492 1710
7492 1710 7510 1764
7510 1764 7588 3070
7588 3070 7630 3274
7630 3274 7600 2556
7600 2556 7728 5434
7728 5434 7646 3272
7646 3272 7706 2846
7706 2846 7736 3040
7736 3040 7884 3666
7884 3666 7854 3554
7854 3554 7784 3376
7784 3376 7766 3284
7766 3284 7742 4182
7742 4182 7776 3766
7776 3766 7848 4396
7848 4396 7924 3922
7924 3922 7886 3666
7886 3666 7888 3094
7888 3094 7806 2366
7806 2366 7908 2964
7908 2964 7932 4170
7932 4170 7916 4802
7916 4802 7902 4498
7902 4498 7908 6288
7908 6288 7846 6780
7846 6780 7942 6996
7942 6996 7956 4438
7956 4438 8018 5130
8018 5130 8192 4508
8192 4508 8220 4998
8220 4998 7980 6922
7980 6922 8124 6814
8124 6814 8334 7040
8334 7040 8406 7050
8406 7050 8458 7048
8458 7048 8512 5564
8512 5564 8486 5228
8486 5228 8436 4924
8436 4924 8458 5508
8458 5508 8488 5564
8488 5564 8442 5616
8442 5616 8426 4716
8426 4716 8456 4302
8456 4302 8542 5212
8542 5212 8574 4206
8574 4206 8560 4806
8560 4806 8594 4106
8594 4106 8668 4316
8668 4316 8586 4790
8586 4790 8592 4818
8592 4818 8686 4692
8686 4692 8746 4098
8746 4098 8822 4266
8822 4266 8580 5112
8580 5112 8932 4952
8932 4952 8574 5496
8574 5496 8936 4962
8936 4962 8580 5532
8580 5532 8940 5176
8940 5176 8966 5592
8966 5592 9062 5604
9062 5604 8978 5504
8978 5504 9070 4820
9070 4820 8982 4678
8982 4678 9206 4932
9206 4932 9238 4754
9238 4754 9248 5612
9248 5612 9270 4202
9270 4202 9282 4084
9282 4084 9308 4802
9308 4802 9328 4798
9328 4798 9384 2540
9384 2540 9390 3924
9390 3924 9332 4792
9332 4792 9428 4816
9428 4816 9582 3308
9582 3308 9724 2856
9724 2856 9580 3350
9580 3350 9428 4990
9428 4990 9570 3976
9570 3976 9510 5096
9510 5096 9634 3638
9634 3638 9610 5284
9610 5284 9740 3518
9740 3518 9840 2968
9840 2968 9854 2066
9854 2066 9894 2062
9894 2062 10114 3100
10114 3100 9984 2710
9984 2710 9876 2928
9876 2928 10118 3160
10118 3160 10150 3340
10150 3340 10060 3336
10060 3336 10154 3350
10154 3350 10128 4820
10128 4820 9988 3316
9988 3316 9994 5162
9994 5162 9976 5118
9976 5118 9944 5148
9944 5148 9880 5420
9880 5420 10166 5642
10166 5642 10290 6284
10290 6284 10286 6268
10286 6268 10186 6304
10186 6304 10370 7016
10370 7016 10242 3122
10242 3122 10370 3166
10370 3166 10386 7000
10386 7000 10528 4200
10528 4200 10388 7036
10388 7036 10652 6864
10652 6864 10606 6462
10606 6462 10590 5004
10590 5004 10674 3730
10674 3730 10508 3682
10508 3682 10730 2970
10730 2970 10412 3866
10412 3866 10400 3110
10400 3110 10434 3062
10434 3062 10668 2892
10668 2892 10442 2672
10442 2672 10340 1486
10340 1486 10408 2058
10408 2058 10592 2158
10592 2158 10436 2202
10436 2202 10604 2592
10604 2592 10724 2914
10724 2914 10734 2542
10734 2542 10862 2496
10862 2496 10890 2490
10890 2490 11192 646
11192 646 11148 1488
11148 1488 11150 2432
11150 2432 11134 3344
11134 3344 10774 2680
10774 2680 10780 2768
10780 2768 10972 5962
10972 5962 10892 6698
10892 6698 11116 5474
11116 5474 11198 5328
11198 5328 11284 5372
11284 5372 11294 5280
11294 5280 11074 4376
11074 4376 11260 5094
11260 5094 11196 1564
11196 1564 11306 3184
11306 3184 11374 1830
11374 1830 11390 1310
11390 1310 11482 1086
11482 1086 11642 1276
11642 1276 11938 1528
11938 1528 11806 1478
11806 1478 11402 2500
11402 2500 11984 2998
11984 2998 11404 2828
11404 2828 11374 6316
11374 6316 11582 7008
11582 7008 11542 7118
11542 7118 11724 6902
11724 6902 11428 5404
11428 5404 12108 7046
12108 7046 12082 5376
12082 5376 12166 1398
12166 1398 12218 7090
12218 7090 12370 4656
12370 4656 12714 6980
12714 6980 12606 1612
12606 1612 12636 1632
12636 1632 12768 3188
12768 3188 12790 3196
12790 3196 12742 1350
12742 1350 12618 1434
12618 1434 12194 3160
12194 3160 12516 190
12516 190 12198 256
12198 256 12164 1206
12164 1206 12126 1410
12126 1410 12194 360
12194 360 12100 106
12100 106 12094 104
12094 104 12108 144
12108 144 11450 84
11450 84 12160 818
12160 818 12020 1174
12020 1174 11796 442
11796 442 11414 226
11414 226 11520 328
11520 328 11676 574
11676 574 11692 594
11692 594 11820 898
11820 898 12100 1424
12100 1424 12100 1438
12100 1438 11396 670
11396 670 11312 360
11312 360 11202 306
11202 306 11304 586
11304 586 11248 658
11248 658 11204 660
11204 660 11208 336
11208 336 10952 950
10952 950 11002 1554
11002 1554 10786 1502
10786 1502 10210 648
10210 648 10156 600
10156 600 10082 596
10082 596 9986 604
9986 604 10154 634
10154 634 10068 1178
10068 1178 10078 712
10078 712 9992 1270
9992 1270 9894 718
9894 718 9974 1338
9974 1338 10004 1444
10004 1444 9916 1402
9916 1402 10008 2016
10008 2016 9870 1498
9870 1498 9850 524
9850 524 9818 2568
9818 2568 9604 2382
9604 2382 9780 1166
9780 1166 9628 2012
9628 2012 9528 692
9528 692 9564 2212
9564 2212 9470 2896
9470 2896 9498 1846
9498 1846 9478 2168
9478 2168 9470 2172
9470 2172 9442 3008
9442 3008 9394 1040
9394 1040 9258 1086
9258 1086 9196 832
9196 832 9228 1104
9228 1104 9234 2178
9234 2178 9168 2650
9168 2650 9142 2416
9142 2416 9140 2404
9140 2404 9232 2024
9232 2024 9098 1032
9098 1032 9160 3258
9160 3258 9016 4166
9016 4166 9264 3608
9264 3608 9034 4184
9034 4184 8986 4236
8986 4236 9046 4186
9046 4186 9152 4354
9152 4354 8972 4242
8972 4242 8946 4596
8946 4596 8876 3932
8876 3932 8654 3486
8654 3486 8858 3500
8858 3500 8888 1762
8888 1762 8766 1772
8766 1772 8810 1804
8810 1804 8700 3358
8700 3358 8756 2558
8756 2558 8624 2632
8624 2632 8592 3978
8592 3978 8574 2932
8574 2932 8532 1270
8532 1270 8526 2800
8526 2800 8496 2780
8496 2780 8468 2744
8468 2744 8512 4074
8512 4074 8398 3506
8398 3506 8394 3854
8394 3854 8378 3764
8378 3764 8460 4230
8460 4230 8426 4158
8426 4158 8412 4322
8412 4322 8394 7024
8394 7024 8348 3516
8348 3516 8440 3286
8440 3286 8438 2754
8438 2754 8492 1260
8492 1260 8350 1392
8350 1392 8328 3240
8328 3240 8324 3932
8324 3932 8192 1310
8192 1310 8312 3894
8312 3894 8168 1466
8168 1466 8268 3248
8268 3248 8132 946
8132 946 8274 3486
8274 3486 8160 3848
8160 3848 8236 4012
8236 4012 8060 3654
8060 3654 8092 4226
8092 4226 8108 4428
8108 4428 8122 4426
8122 4426 8066 4912
8066 4912 8020 4952
8020 4952 8132 938
8132 938 8016 3704
8016 3704 7970 3868
7970 3868 8008 1470
8008 1470 7956 3298
7956 3298 7942 2294
7942 2294 7872 832
7872 832 7854 692
7854 692 7874 920
7874 920 7882 2252
7882 2252 7810 1714
7810 1714 7740 1128
7740 1128 7768 800
7768 800 7806 772
7806 772 7738 658
7738 658 7730 1382
7730 1382 7446 1530
7446 1530 7464 1510
7464 1510 7450 1504
7450 1504 7428 1510
7428 1510 7434 1388
7434 1388 7434 1436
7434 1436 7476 1478
7476 1478 7502 428
7502 428 7376 614
7376 614 7348 3024
7348 3024 7154 2864
7154 2864 7320 1662
7320 1662 7304 1380
7304 1380 7308 346
7308 346 7198 1480
7198 1480 7260 1528
7260 1528 7312 1598
7312 1598 7126 1822
7126 1822 7226 1934
7226 1934 7100 2060
7100 2060 7090 2252
7090 2252 7138 4464
7138 4464 7106 4592
7106 4592 7088 4956
7088 4956 7064 2806
7064 2806 6854 4192
6854 4192 6886 3038
6886 3038 6824 2908
6824 2908 6864 2962
6864 2962 6816 2198
6816 2198 6780 2958
6780 2958 6828 1938
6828 1938 6890 1968
6890 1968 6964 1702
6964 1702 7020 2202
7020 2202 6838 502
6838 502 6778 2910
6778 2910 6794 602
6794 602 6774 562
6774 562 6728 1770
6728 1770 6646 1872
6646 1872 6764 1742
6764 1742 6750 2308
6750 2308 6624 2650
6624 2650 6602 2470
6602 2470 6616 2126
6616 2126 6494 1990
6494 1990 6554 2482
6554 2482 6480 3834
6480 3834 6518 2972
6518 2972 6438 3318
6438 3318 6490 2904
6490 2904 6456 2892
6456 2892 6532 2850
6532 2850 6516 2510
6516 2510 6430 2814
6430 2814 6414 2828
6414 2828 6356 2470
6356 2470 6334 2246
6334 2246 6328 2358
6328 2358 6208 2882
6208 2882 6182 2774
6182 2774 6198 2674
6198 2674 6220 2558
6220 2558 6216 2572
6216 2572 6184 2102
6184 2102 6168 2590
6168 2590 6062 2390
6062 2390 6126 2792
6126 2792 5974 3762
5974 3762 5974 2772
5974 2772 5974 2494
5974 2494 5972 4136
5972 4136 5932 2870
5932 2870 5950 2822
5950 2822 5902 2694
5902 2694 5888 2940
5888 2940 5874 3422
5874 3422 5880 2666
5880 2666 5786 2822
5786 2822 5860 320
5860 320 5704 2666
5704 2666 5686 2618
5686 2618 5654 2536
5654 2536 5662 2526
5662 2526 5636 1136
5636 1136 5594 2628
5594 2628 5444 2844
5444 2844 5460 2732
5460 2732 5556 2612
5556 2612 5446 2620
5446 2620 5406 3464
5406 3464 5412 3392
5412 3392 5414 3448
5414 3448 5438 2870
5438 2870 5420 3372
5420 3372 5522 3610
5522 3610 5384 4342
5384 4342 5374 4862
5374 4862 5358 3090
5358 3090 5348 240
5348 240 5264 2514
5264 2514 5212 2670
5212 2670 5258 110
5258 110 5072 66
5072 66 5140 3256
5140 3256 5074 4470
5074 4470 5038 4446
5038 4446 5106 3480
5106 3480 5054 3220
5054 3220 4984 2660
4984 2660 4974 3114
4974 3114 5074 3498
5074 3498 5070 3956
5070 3956 5006 4472
5006 4472 4968 4518
4968 4518 5064 4468
5064 4468 4956 4588
4956 4588 4946 4976
4946 4976 4940 3426
4940 3426 4898 5118
4898 5118 4938 2194
4938 2194 4858 46
4858 46 4694 234
4694 234 4664 2776
4664 2776 4550 2418
4550 2418 4676 2970
4676 2970 4528 2874
4528 2874 4528 2208
4528 2208 4472 4372
4472 4372 4408 4642
4408 4642 4410 4582
4410 4582 4472 4340
4472 4340 4464 2796
4464 2796 4456 50
4456 50 4454 4230
4454 4230 4438 3266
4438 3266 4426 3272
4426 3272 4444 2678
4444 2678 4380 164
4380 164 4414 4506
4414 4506 4374 4666
4374 4666 4390 4974
4390 4974 4298 4632
4298 4632 4288 4764
4288 4764 4332 2342
4332 2342 4286 4820
4286 4820 4300 3058
4300 3058 4268 2510
4268 2510 4068 212
4068 212 4088 116
4088 116 3846 74
3846 74 3760 1672
3760 1672 3850 178
3850 178 3862 158
3862 158 3860 1974
3860 1974 3840 2006
3840 2006 3858 2030
3858 2030 3742 3218
3742 3218 3690 3368
3690 3368 3672 1630
3672 1630 3652 2264
3652 2264 3608 1664
3608 1664 3552 1672
3552 1672 3530 1638
3530 1638 3630 78
3630 78 3508 1656
3508 1656 3516 1650
3516 1650 3424 2202
3424 2202 3412 2414
3412 2414 3358 1614
3358 1614 3252 2946
3252 2946 3224 1650
3224 1650 3298 1564
3298 1564 2926 1122
2926 1122 2886 2578
2886 2578 2876 882
2876 882 2870 1084
2870 1084 2870 1216
2870 1216 2848 868
2848 868 2866 726
2866 726 2826 890
2826 890 2820 1096
2820 1096 2802 730
2802 730 2844 712
2844 712 2758 482
2758 482 2714 978
2714 978 2610 574
2610 574 2640 1448
2640 1448 2696 2278
2696 2278 2662 3992
2662 3992 2660 3050
2660 3050 2584 1096
2584 1096 2564 1114
2564 1114 2596 750
2596 750 2600 616
2600 616 2564 620
2564 620 2554 614
2554 614 2470 414
2470 414 2398 414
2398 414 2430 906
2430 906 2306 804
2306 804 2366 1866
2366 1866 2364 2158
2364 2158 2248 1970
2248 1970 2290 3576
2290 3576 2242 1904
2242 1904 2200 260
2200 260 2208 2058
2208 2058 2184 2016
2184 2016 2186 2054
2186 2054 2114 2142
2114 2142 2088 2020
2088 2020 2096 1472
2096 1472 2068 2174
2068 2174 1994 1370
1994 1370 2150 1112
2150 1112 1996 1276
1996 1276 2108 246
2108 246 1928 384
1928 384 1910 1312
1910 1312 1872 1282
1872 1282 1856 1266
1856 1266 1914 1040
1914 1040 1780 994
1780 994 1868 354
1868 354 1602 578
1602 578 1644 1206
1644 1206 1750 1690
1750 1690 1876 1890
1876 1890 1748 2192
1748 2192 1626 1752
1626 1752 1580 316
1580 316 1514 498
1514 498 1154 172
1154 172 1192 208
1192 208 1226 422
1226 422 1112 148
1112 148 1248 664
1248 664 1160 450
1160 450 1066 414
1066 414 802 1372
802 1372 938 1302
938 1302 766 1782
766 1782 672 1542
672 1542 608 308
608 308 532 2174
532 2174 536 1034
536 1034 362 1000
362 1000 540 342
540 342 228 816
228 816 176 800
176 800 450 1118
450 1118 250 926
250 926 466 1254
466 1254 366 1228
366 1228 466 1298
466 1298 364 1254
364 1254 322 2034
322 2034 190 830
190 830 160 844
160 844 80 4878
area:-3.5272e+07
ratio:-0.409003
construction time: 26826937

Is simple: 1
